27
28
14
254
37
93
97
37
71
136
37
162
200
187
87
122
159
114
218
191
71
156
3
71
83
62
115
99
243
7
58
223
166
81
207
115
35
30
134
15
86
72
29
229
221
107
30
130
60
11
241
241
13
40
79
94
55
251
70
177
79
162
159
144
87
164
202
114
176
149
71
198
45
71
41
20
115
140
29
7
17
181
166
123
249
115
250
244
133
57
128
72
243
187
220
148
72
130
18
225
240
27
55
40
37
52
55
37
112
178
38
120
158
186
129
164
160
72
176
190
113
198
3
29
40
62
157
141
244
221
16
223
208
123
208
73
249
29
175
57
87
30
243
229
6
149
30
88
18
11
27
28
14
254
37
93
97
37
71
136
37
162
200
187
87
122
159
114
218
191
71
156
3
71
83
62
115
99
243
7
58
223
166
81
207
115
35
30
134
15
86
72
29
229
221
107
30
130
60
11
241
241
13
40
79
94
55
251
70
177
79
162
159
144
87
164
202
114
176
149
71
198
45
71
41
20
115
140
29
7
17
181
166
123
249
115
250
244
133
57
128
72
243
187
220
148
72
130
18
225
240
27
55
40
37
52
55
37
112
178
38
120
158
186
129
164
160
72
176
190
113
198
3
29
40
62
157
141
244
221
16
223
208
123
208
73
249
29
175
57
87
30
243
229
6
149
30
88
18
11
27
28
14
254
37
93
97
37
71
136
37
162
200
187
87
122
159
114
218
191
71
156
3
71
83
62
115
99
243
7
58
223
166
81
207
115
35
30
134
15
86
72
29
229
221
107
30
130
60
11
241
241
13
40
79
94
55
251
70
177
79
162
159
144
87
164
202
114
176
149
71
198
45
71
41
20
115
140
29
7
17
181
166
123
249
115
250
244
133
57
128
72
243
187
220
148
72
130
18
225
240
27
55
40
37
52
55
37
112
178
38
120
158
186
129
164
160
72
176
190
113
198
3
29
40
62
157
141
244
221
16
223
208
123
208
73
249
29
175
57
87
30
243
229
6
149
30
88
18
11
27
28
14
254
37
93
97
37
71
136
37
162
200
187
87
122
159
114
218
191
71
156
3
71
83
62
115
99
243
7
58
223
166
81
207
115
35
30
134
15
86
72
29
229
221
107
30
130
60
11
241
241
13
40
79
94
55
251
70
177
79
162
159
144
87
164
202
114
176
149
71
198
45
71
41
20
115
140
29
7
17
181
166
123
249
115
250
244
133
57
128
72
243
187
220
148
72
130
18
225
240
27
55
40
37
52
55
37
112
178
38
120
158
186
129
164
160
72
176
190
113
198
3
29
40
62
157
141
244
221
16
223
208
123
208
73
249
29
175
57
87
30
243
229
6
149
30
88
18
11
27
28
14
254
37
93
97
37
71
136
37
162
200
187
87
122
159
114
218
191
71
156
3
71
83
62
115
99
243
7
58
223
166
81
207
115
35
30
134
15
86
72
29
229
221
107
30
130
60
11
241
241
13
40
79
94
55
251
70
177
79
162
159
144
87
164
202
114
176
149
71
198
45
71
41
20
115
140
29
7
17
181
166
123
249
115
250
244
133
57
128
72
243
187
220
148
72
130
18
225
240
27
55
40
37
52
55
37
112
178
38
120
158
186
129
164
160
72
176
190
113
198
3
29
40
62
157
141
244
221
16
223
208
123
208
73
249
29
175
57
87
30
243
229
6
149
30
88
18
11
27
28
14
254
37
93
97
37
71
136
37
162
200
187
87
122
159
114
218
191
71
156
3
71
83
62
115
99
243
7
58
223
166
81
207
115
35
30
134
15
86
72
29
229
221
107
30
130
60
11
241
241
13
40
79
94
55
251
70
177
79
162
159
144
87
164
202
114
176
149
71
198
45
71
41
20
115
140
29
7
17
181
166
123
249
115
250
244
133
57
128
72
243
187
220
148
72
130
18
225
240
27
55
40
37
52
55
37
112
178
38
120
158
186
129
164
160
72
176
190
113
198
3
29
40
62
157
141
244
221
16
223
208
123
208
73
249
29
175
57
87
30
243
229
6
149
30
88
18
11
27
28
14
254
37
93
97
37
71
136
37
162
200
187
87
122
159
114
218
191
71
156
3
71
83
62
115
99
243
7
58
223
166
81
207
115
35
30
134
15
86
72
29
229
221
107
30
130
60
11
241
241
13
40
79
94
55
251
70
177
79
162
159
144
87
164
202
114
176
149
71
198
45
71
41
20
115
140
29
7
17
181
166
123
249
115
250
244
133
57
128
72
243
187
220
148
72
130
18
225
